12 0.51524 0.765625 0.052755 0.13125
12 0.5551 0.917708 0.0715123 0.160417
12 0.489449 0.661458 0.0339977 0.0729167
12 0.47245 0.598958 0.0187573 0.04375
31 0.0158265 0.391667 0.0293083 0.545833
1 0.735053 0.614583 0.178195 0.3375
31 0.334115 0.3375 0.014068 0.275
31 0.45721 0.253125 0.0164127 0.477083
19 0.688746 0.823958 0.0574443 0.0854167
19 0.642438 0.759375 0.0328253 0.0520833
19 0.607855 0.701042 0.031653 0.05625
19 0.576202 0.657292 0.0293083 0.04375
2 0.280188 0.432292 0.0797186 0.0604167
2 0.282532 0.4625 0.021102 0.0541667
2 0.192849 0.434375 0.158265 0.11875
2 0.177022 0.454167 0.084408 0.129167
2 0.108441 0.458333 0.174678 0.158333
